0	0
0.01	0
0.02	0
0.03	0
0.04	0
0.05	0
0.06	237.66
0.07	233.71
0.08	230.07
0.09	226.32
0.1	223.29
0.11	219.66
0.12	215.59
0.13	214.46
0.14	217.42
0.15	231
0.16	247.59
0.17	263.99
0.18	276.87
0.19	286.64
0.2	295.22
0.21	298.25
0.22	302.09
0.23	305.02
0.24	306.57
0.25	306.35
0.26	306.52
0.27	306.36
0.28	306.22
0.29	307.27
0.3	308.36
0.31	309.16
0.32	308.48
0.33	304.23
0.34	304.49
0.35	317.86
0.36	329.58
0.37	334.16
0.38	335.01
0.39	334.71
0.4	334.63
0.41	333.48
0.42	333.47
0.43	334.25
0.44	333.93
0.45	334.74
0.46	334.89
0.47	335.21
0.48	335.21
0.49	338.66
0.5	335.51
0.51	0
0.52	0
0.53	0
0.54	0
0.55	0
0.56	0
0.57	0
0.58	0
0.59	0
0.6	0
0.61	0
0.62	372.61
0.63	368.66
0.64	367.97
0.65	368.64
0.66	369
0.67	369.76
0.68	370.07
0.69	369.34
0.7	368.91
0.71	369.34
0.72	368.56
0.73	367.75
0.74	367.49
0.75	367.3
0.76	367.38
0.77	367.29
0.78	367.59
0.79	367.67
0.8	366.62
0.81	366.56
0.82	366.62
0.83	366.78
0.84	367.52
0.85	367.86
0.86	367.88
0.87	368.06
0.88	368.33
0.89	368.55
0.9	368.19
0.91	368.49
0.92	368.42
0.93	370.35
0.94	371.12
0.95	371.64
0.96	370.71
0.97	370.99
0.98	371.19
0.99	369.97
1	370.01
1.01	369.23
1.02	369.76
1.03	370
1.04	369.25
1.05	370.09
1.06	369.38
1.07	368.78
1.08	366.91
1.09	366.62
1.1	364.73
1.11	363.52
1.12	364.19
1.13	364.18
1.14	365.32
1.15	366.96
1.16	368.83
1.17	370.01
1.18	368.82
1.19	365.45
1.2	361.11
1.21	362.55
1.22	364.62
1.23	366.09
1.24	367.09
1.25	365.12
1.26	367.45
1.27	371.49
1.28	367.97
1.29	370.63
1.3	372.95
1.31	369.54
1.32	365.2
1.33	362.67
1.34	360.57
1.35	361.02
1.36	363.96
1.37	363.18
1.38	363.9
1.39	365.7
1.4	366.56
1.41	366.13
1.42	364.74
1.43	362.39
1.44	359.95
1.45	356.72
1.46	348.41
1.47	0
1.48	0
1.49	0
1.5	0
1.51	0
1.52	0
1.53	0
1.54	0
1.55	301.57
1.56	293.97
1.57	292.59
1.58	291.42
1.59	291.07
1.6	291.99
1.61	291.25
1.62	291.72
1.63	292.62
1.64	293.4
1.65	294.24
1.66	295.77
1.67	296.54
1.68	297.95
1.69	298.99
1.7	298.45
1.71	298.72
1.72	297.81
1.73	297.11
1.74	293.05
1.75	291.6
1.76	294.47
1.77	0
1.78	0
1.79	0
1.8	0
1.81	0
1.82	0
1.83	0
1.84	0
1.85	0
1.86	0
1.87	0
1.88	0
1.89	0
1.9	0
1.91	0
1.92	0
1.93	0
1.94	0
1.95	255.75
1.96	249.75
1.97	247.84
1.98	242.09
1.99	243.9
2	245.87
2.01	246.81
2.02	246.72
2.03	246.94
2.04	247.63
2.05	247.51
2.06	247.73
2.07	247.81
2.08	246.6
2.09	246.49
2.1	241.76
2.11	240.3
2.12	246.64
2.13	0
2.14	0
2.15	0
2.16	0
2.17	0
2.18	0
2.19	0
2.2	0
2.21	0
2.22	0
2.23	0
2.24	0
2.25	0
2.26	0
2.27	284.51
2.28	284.75
2.29	285.55
2.3	283.78
2.31	281.86
2.32	279.61
2.33	279.64
2.34	279
2.35	279.89
2.36	279.24
2.37	278.43
2.38	277.55
2.39	278.62
2.4	277.25
2.41	277.56
2.42	277.95
2.43	277.72
2.44	278.15
2.45	278.27
2.46	277.74
2.47	276.97
2.48	276.82
2.49	277.16
2.5	277.56
2.51	277.44
2.52	278.11
2.53	277.68
2.54	277.79
2.55	277.22
2.56	277.36
2.57	272.22
2.58	274.53
2.59	275.7
2.6	276.44
2.61	276.27
2.62	277.28
2.63	278.44
2.64	278.57
2.65	279.59
2.66	280.68
2.67	281.27
2.68	282.28
2.69	281.97
2.7	282.14
2.71	281.6
2.72	278.15
2.73	284.25
2.74	271.56
2.75	261.34
2.76	258.34
2.77	0
2.78	0
2.79	0
2.8	0
2.81	0
2.82	0
2.83	0
2.84	0
2.85	0
2.86	0
2.87	0
2.88	0
2.89	0
2.9	0
2.91	0
2.92	0
2.93	0
2.94	0
2.95	0
2.96	0
2.97	0
2.98	0
2.99	0
3	0
3.01	0
3.02	0
3.03	0
3.04	0
3.05	0
3.06	0
3.07	0
3.08	0
3.09	0
3.1	0
3.11	0
3.12	0
3.13	0
3.14	0
3.15	0
3.16	0
3.17	0
3.18	0
3.19	0
3.2	0
3.21	0
3.22	0
3.23	0
3.24	0
3.25	0
3.26	0
3.27	0
3.28	0
3.29	0
3.3	0
3.31	0
3.32	0
3.33	0
3.34	0
3.35	0
3.36	0
3.37	0
3.38	0
3.39	0
3.4	0
3.41	0
3.42	216.21
3.43	235.8
3.44	247.63
3.45	262.2
3.46	273.51
3.47	283.85
3.48	287.75
3.49	285.51
3.5	283.86
3.51	284.32
3.52	284.31
3.53	284.46
3.54	284
3.55	285.12
3.56	286.39
3.57	286.94
3.58	288.07
3.59	286.88
3.6	283.94
3.61	294.03
3.62	294.93
3.63	299.26
3.64	302.44
3.65	302.12
3.66	300.01
3.67	299.68
3.68	298.96
3.69	298.02
3.7	296.56
3.71	295.62
3.72	295.29
3.73	295.25
3.74	296.47
3.75	298.14
3.76	299.63
3.77	302.23
3.78	302.37
3.79	299.78
3.8	295.29
3.81	290.23
3.82	284.48
3.83	284.58
3.84	282.09
3.85	283.5
3.86	286.38
3.87	293.72
3.88	298.99
3.89	300.8
3.9	301.85
3.91	301.14
3.92	300.68
3.93	300.84
3.94	303.71
3.95	304.92
3.96	304.15
3.97	303.12
3.98	301.85
3.99	301.82
4	299.48
4.01	297.74
4.02	299.11
4.03	302.87
4.04	307.84
4.05	313.96
4.06	320.75
4.07	326.51
4.08	331.21
4.09	333.54
4.1	335.48
4.11	335.29
4.12	334.67
4.13	332.15
4.14	332.41
4.15	331.57
4.16	331.38
4.17	331.6
4.18	330.17
4.19	329.97
4.2	330.49
4.21	330.77
4.22	331.9
4.23	332.24
4.24	332.31
4.25	332.35
4.26	332.78
4.27	332.93
4.28	332.72
4.29	332.21
4.3	332.35
4.31	332.53
4.32	332.27
4.33	332.65
4.34	332.71
4.35	331.88
4.36	332.38
4.37	332.7
4.38	332.88
4.39	333.49
4.4	333.54
4.41	333.14
4.42	333.37
4.43	333.38
4.44	333.91
4.45	334.39
4.46	334.62
4.47	334.27
4.48	334.6
4.49	335.13
4.5	334.74
4.51	334.98
4.52	334.31
4.53	334.55
4.54	334.08
4.55	334.52
4.56	334.34
4.57	334.59
4.58	334.23
4.59	334.98
4.6	334.16
4.61	339.62
4.62	340.09
4.63	341.1
4.64	338.03
4.65	337.86
4.66	334.69
4.67	0
4.68	0
4.69	0
4.7	0
4.71	0
4.72	0
4.73	0
4.74	0
4.75	264.69
4.76	259
4.77	252.43
4.78	256.3
4.79	258.7
4.8	257.88
4.81	256.34
4.82	256.34
4.83	255.74
4.84	256.96
4.85	257.94
4.86	258.03
4.87	257.56
4.88	255.54
4.89	254.58
4.9	255.16
4.91	256.31
4.92	258.19
4.93	259.95
4.94	264.88
4.95	268.59
4.96	272.46
4.97	276.92
4.98	281.4
4.99	283.36
5	281.48
5.01	281.64
5.02	280.26
5.03	280.9
5.04	279.61
5.05	280.65
5.06	279.82
5.07	280.34
5.08	281.1
5.09	279.72
5.1	280.45
5.11	280.28
5.12	280.68
5.13	280.97
5.14	281.14
5.15	277.44
5.16	271.09
5.17	265.5
5.18	257.85
5.19	250.54
5.2	242.25
5.21	236.62
5.22	237.48
5.23	235.3
5.24	229.26
5.25	222.33
5.26	219.18
5.27	218.82
5.28	219.32
5.29	220.65
5.3	221.62
5.31	222.85
5.32	223.17
5.33	224.03
5.34	224.04
5.35	225.84
5.36	225.97
5.37	227.08
5.38	227.26
5.39	227.65
5.4	227.43
5.41	228.17
5.42	228.17
5.43	231.16
5.44	232.24
5.45	235.47
5.46	243.55
5.47	251.97
5.48	268.11
5.49	274.62
5.5	277.45
5.51	284.39
5.52	286.44
5.53	288.19
5.54	287.87
5.55	288.34
5.56	285.72
5.57	283.36
5.58	275.78
5.59	267.79
5.6	260.36
5.61	252.53
5.62	248.19
5.63	246.31
5.64	244.34
5.65	245.84
5.66	246.65
5.67	248.6
5.68	248.92
5.69	248.98
5.7	248.79
5.71	247.07
5.72	245.93
5.73	242.57
5.74	243.11
5.75	242.14
5.76	241.18
5.77	241.36
5.78	242.73
5.79	244.79
5.8	247.41
5.81	250.31
5.82	254.8
5.83	256.44
5.84	257.43
5.85	256.8
5.86	255.04
5.87	252.82
5.88	248.06
5.89	243.96
5.9	240.46
5.91	238.12
5.92	236.96
5.93	237.37
5.94	239.49
5.95	241.29
5.96	244.58
5.97	248.1
5.98	252.32
5.99	256.58
6	257.17
6.01	257.47
6.02	256.31
6.03	252.36
6.04	248.47
6.05	245.69
6.06	242.56
6.07	237.53
6.08	236.45
6.09	240.17
6.1	243.58
6.11	247.4
6.12	251.35
6.13	253.89
6.14	254.3
6.15	255.74
6.16	254.77
6.17	252.25
6.18	247.06
6.19	245.11
6.2	245.32
6.21	245.55
6.22	243.07
6.23	241.47
6.24	241.73
6.25	244.22
6.26	247.26
6.27	251.53
6.28	257.43
6.29	259.31
6.3	257.31
6.31	256.25
6.32	253.5
6.33	249.5
6.34	241.27
6.35	0
6.36	0
6.37	0
6.38	0
6.39	0
6.4	0
6.41	0
6.42	0
6.43	0
6.44	0
6.45	0
6.46	0
6.47	0
6.48	0
6.49	0
6.5	0
6.51	0
6.52	0
6.53	0
6.54	0
6.55	0
6.56	0
6.57	0
6.58	0
6.59	0
6.6	0
6.61	0
6.62	0
6.63	0
6.64	0
6.65	0
6.66	0
6.67	0
6.68	0
6.69	0
6.7	0
6.71	0
6.72	247.89
6.73	245.07
6.74	243.7
6.75	245.26
6.76	246.28
6.77	245.26
6.78	246.14
6.79	245.62
6.8	245.91
6.81	247.08
6.82	247.99
6.83	248.56
6.84	249.48
6.85	249.58
6.86	249.14
6.87	249.23
6.88	249.08
6.89	249.04
6.9	248.8
6.91	249.41
6.92	249.62
6.93	248.46
6.94	248.58
6.95	247.5
6.96	249.73
6.97	257.39
6.98	265.95
6.99	280.47
7	310.48
7.01	339.18
7.02	0
7.03	0
7.04	0
7.05	0
7.06	0
7.07	0
7.08	0
7.09	0
7.1	0
7.11	0
7.12	0
7.13	276.23
7.14	282.59
7.15	276.85
7.16	276.83
7.17	276.14
7.18	276.75
7.19	277.12
7.2	276.42
7.21	276.7
7.22	275.96
7.23	275.7
7.24	276.47
7.25	277.23
7.26	276.57
7.27	274.39
7.28	264.97
7.29	0
7.3	0
7.31	0
7.32	0
7.33	0
7.34	0
7.35	0
7.36	0
7.37	0
7.38	0
7.39	0
7.4	0
7.41	0
7.42	0
7.43	0
7.44	0
7.45	0
7.46	0
7.47	0
7.48	0
7.49	0
7.5	0
7.51	0
7.52	0
7.53	0
7.54	0
7.55	0
7.56	0
7.57	298.28
7.58	298.6
7.59	297.4
7.6	295.65
7.61	294.13
7.62	293.28
7.63	291.83
7.64	290.64
7.65	291.22
7.66	290.81
7.67	292.55
7.68	293.32
7.69	293.67
7.7	295.73
7.71	296.11
7.72	296.58
7.73	296.23
7.74	297.02
7.75	296.8
7.76	295.54
7.77	295.31
7.78	294.52
7.79	294.13
7.8	294.56
7.81	294.5
7.82	294.42
7.83	294.27
7.84	293.83
7.85	293.3
7.86	293.04
7.87	293.46
7.88	293.64
7.89	294.04
7.9	293.79
7.91	293.31
7.92	294.52
7.93	295.21
7.94	295.23
7.95	294.32
7.96	294.95
7.97	294.32
7.98	292.41
7.99	289.31
8	281.72
8.01	280.5
8.02	273.66
8.03	265.71
8.04	259.96
8.05	253.9
8.06	249.29
8.07	243.87
8.08	242.39
8.09	245.07
8.1	250.99
8.11	250.98
8.12	250.66
8.13	250.59
8.14	251.05
8.15	251.42
8.16	251.99
8.17	251.73
8.18	251.61
8.19	251.36
8.2	251.34
8.21	251.41
8.22	251.43
8.23	251.08
8.24	250.86
8.25	251.38
8.26	251.44
8.27	251.06
8.28	250.88
8.29	250.48
8.3	249.96
8.31	250.57
8.32	250.07
8.33	250.13
8.34	249.11
8.35	244.27
8.36	248.84
8.37	0
8.38	0
8.39	0
8.4	0
8.41	0
8.42	0
8.43	0
8.44	0
8.45	0
8.46	0
8.47	0
8.48	0
8.49	0
8.5	279.56
8.51	278.97
8.52	276.94
8.53	273.29
8.54	272.87
8.55	271.91
8.56	272.94
8.57	274.32
8.58	274.68
8.59	275.52
8.6	275.75
8.61	276.78
8.62	275.91
8.63	276.34
8.64	276.97
8.65	276.73
8.66	276.86
8.67	276.76
8.68	276.75
8.69	277.05
8.7	278.11
8.71	278.58
8.72	275.61
8.73	269.41
8.74	0
8.75	0
8.76	0
8.77	0
8.78	0
8.79	0
8.8	0
8.81	0
8.82	0
8.83	242.25
8.84	240.32
8.85	240.32
8.86	239.04
8.87	237.03
8.88	240.23
8.89	0
8.9	0
8.91	296.7
8.92	290.6
8.93	294.88
8.94	293.69
8.95	294.13
8.96	294.33
8.97	294.21
8.98	294.3
8.99	294.84
9	295.51
9.01	295.13
9.02	295.52
9.03	295.81
9.04	295.8
9.05	295.85
9.06	296.6
9.07	296.6
9.08	297.16
9.09	297.59
9.1	297.29
9.11	296.14
9.12	294.67
9.13	289.32
9.14	281.76
9.15	269.39
9.16	259.96
9.17	252.78
9.18	258.11
9.19	258.5
9.2	260.4
9.21	258.33
9.22	251.06
9.23	245.94
9.24	243.15
9.25	241.81
9.26	241.15
9.27	241.1
9.28	241.69
9.29	242.18
9.3	242.75
9.31	243.34
9.32	242.18
9.33	243.3
9.34	243.91
9.35	243.84
9.36	245.15
9.37	244.51
9.38	245.55
9.39	245.8
9.4	245.77
9.41	245.17
9.42	246.17
9.43	244.76
9.44	245.64
9.45	245.05
9.46	245.15
9.47	244.78
9.48	245.12
9.49	244.92
9.5	245.54
9.51	245.48
9.52	246.37
9.53	246.26
9.54	245.9
9.55	245.5
9.56	245.54
9.57	245.54
9.58	245.61
9.59	246.06
9.6	245.66
9.61	245.42
9.62	245.47
9.63	245.15
9.64	244.91
9.65	244.95
9.66	245.89
9.67	246.15
9.68	246.57
9.69	246.19
9.7	247.87
9.71	249.89
9.72	253.19
9.73	255.16
9.74	255.88
9.75	256.33
9.76	257.5
9.77	257
9.78	255.78
9.79	254.36
9.8	250.18
9.81	246.62
9.82	243.62
9.83	240.86
9.84	239.01
9.85	237.55
9.86	237.47
9.87	238.04
9.88	240.98
9.89	243.88
9.9	246.51
9.91	249
9.92	251.19
9.93	251
9.94	250.39
9.95	247
9.96	245.5
9.97	244.27
9.98	242.95
9.99	243.09
10	243.18
10.01	243.86
10.02	243.51
10.03	243.54
10.04	243.88
10.05	244.38
10.06	246.9
10.07	247.77
10.08	251.51
10.09	256.51
10.1	261.49
10.11	264.92
10.12	277.45
10.13	279.09
10.14	279.22
10.15	280.2
10.16	279.66
10.17	278.87
10.18	277.19
10.19	276.42
10.2	277.1
10.21	274.75
10.22	269.75
10.23	274.79
10.24	275.11
10.25	277.27
10.26	278.97
10.27	281.36
10.28	283.04
10.29	282.55
10.3	282.72
10.31	280.34
10.32	277.12
10.33	274.43
10.34	271.88
10.35	271.18
10.36	271.64
10.37	273.88
10.38	277.51
10.39	283.2
10.4	289.91
10.41	299.11
10.42	295.79
10.43	296.3
10.44	296.5
10.45	296.6
10.46	296.82
10.47	296.25
10.48	296.05
10.49	295.12
10.5	294.81
10.51	295.3
10.52	293.67
10.53	292.37
10.54	292.02
10.55	293.13
10.56	292.5
10.57	292.54
10.58	293.9
10.59	294.75
10.6	294.46
10.61	295.81
10.62	295.02
10.63	295.16
10.64	294.82
10.65	294.16
10.66	294.93
10.67	293.93
10.68	292.8
10.69	290.76
10.7	290.18
10.71	287.95
10.72	286.3
10.73	281.31
10.74	279.71
10.75	280.07
10.76	270.33
10.77	269.16
10.78	0
10.79	0
10.8	0
10.81	0
10.82	0
10.83	0
10.84	0
10.85	0
10.86	0
10.87	0
10.88	0
10.89	0
10.9	0
10.91	0
10.92	0
10.93	0
10.94	0
10.95	0
10.96	0
10.97	0
10.98	0
10.99	0
11	0
11.01	0
11.02	0
11.03	0
11.04	0
11.05	0
11.06	0
11.07	0
11.08	0
11.09	0
11.1	0
11.11	0
11.12	0
11.13	0
11.14	0
11.15	0
11.16	0
11.17	0
11.18	0
11.19	0
11.2	0
11.21	0
11.22	0
11.23	0
11.24	0
11.25	0
11.26	0
11.27	0
11.28	0
11.29	0
11.3	0
11.31	0
11.32	0
11.33	0
11.34	0
11.35	0
11.36	0
11.37	0
11.38	0
11.39	0
11.4	0
11.41	0
11.42	0
11.43	0
11.44	0
11.45	0
11.46	0
11.47	0
11.48	0
11.49	0
11.5	0
11.51	0
11.52	0
11.53	0
11.54	0
11.55	0
11.56	0
11.57	0
11.58	0
11.59	0
11.6	0
11.61	0
11.62	0
11.63	0
11.64	0
11.65	0
11.66	0
11.67	0
11.68	0
11.69	0
11.7	0
11.71	0
11.72	0
11.73	0
11.74	0
11.75	0
11.76	0
11.77	0
11.78	0
11.79	0
11.8	0
11.81	0
11.82	0
11.83	0
11.84	0
11.85	0
11.86	0
11.87	0
11.88	0
11.89	0
11.9	0
11.91	0
11.92	0
11.93	0
11.94	0
11.95	0
11.96	0
11.97	0
11.98	0
11.99	0
12	0
12.01	0
12.02	0
12.03	0
12.04	0
12.05	0
12.06	0
12.07	0
12.08	0
12.09	0
12.1	0
12.11	0
12.12	0
12.13	0
12.14	0
12.15	0
12.16	0
12.17	0
12.18	0
12.19	0
12.2	0
12.21	0
12.22	0
12.23	0
12.24	0
12.25	0
12.26	0
12.27	0
12.28	0
12.29	0
12.3	0
12.31	0
12.32	0
12.33	0
12.34	0
12.35	0
12.36	0
12.37	0
12.38	0
12.39	0
12.4	0
12.41	0
12.42	0
12.43	0
12.44	0
12.45	0
12.46	0
12.47	0
12.48	0
12.49	0
12.5	0
12.51	0
12.52	0
12.53	0
12.54	0
12.55	0
12.56	0
12.57	0
12.58	0
12.59	0
12.6	0
12.61	0
12.62	0
12.63	0
12.64	0
12.65	0
12.66	0
12.67	0
12.68	0
12.69	0
12.7	0
12.71	0
12.72	0
12.73	0
12.74	0
12.75	0
12.76	0
12.77	0
12.78	0
12.79	0
12.8	0
12.81	0
12.82	0
12.83	0
12.84	0
12.85	293.03
12.86	287.21
12.87	283.33
12.88	281.54
12.89	278.32
12.9	277.66
12.91	279.05
12.92	278.67
12.93	281.15
12.94	282.23
12.95	282.94
12.96	283.91
12.97	279.2
12.98	263.1
12.99	267.04
13	271.65
13.01	281.87
13.02	297.86
13.03	295.86
13.04	299.26
13.05	299.86
13.06	299.83
13.07	298.16
13.08	298.28
13.09	298.16
13.1	300.13
13.11	299.78
13.12	301.1
13.13	302.51
13.14	303.27
13.15	302.89
13.16	303.67
13.17	303.22
13.18	303.87
13.19	304.08
13.2	302.48
13.21	299.33
13.22	297.79
13.23	298.37
13.24	304.45
13.25	313.93
13.26	324.77
13.27	334.35
13.28	344.34
13.29	352.3
13.3	358.42
13.31	357.93
13.32	353.86
13.33	347.77
13.34	343.03
13.35	338.7
13.36	336.3
13.37	336.96
13.38	336.3
13.39	337.74
13.4	339.2
13.41	338.5
13.42	334.11
13.43	316.35
13.44	304.35
13.45	291.08
13.46	291.34
13.47	285.09
13.48	284.04
13.49	288.67
13.5	298.9
13.51	299.08
13.52	297.89
13.53	296.76
13.54	295.82
13.55	296.6
13.56	296.86
13.57	296.77
13.58	297.28
13.59	296.3
13.6	297.01
13.61	295.37
13.62	294.01
13.63	293.29
13.64	292.97
13.65	292.77
13.66	294.91
13.67	299.71
13.68	306.64
13.69	314.13
13.7	320.84
13.71	330
13.72	335.98
13.73	343.41
13.74	344.39
13.75	346.24
13.76	343.88
13.77	339.95
13.78	335.6
13.79	333.39
13.8	331.62
13.81	332.22
13.82	333.69
13.83	336.85
13.84	339
13.85	340.29
13.86	334.72
13.87	0
13.88	0
13.89	0
13.9	0
13.91	0
13.92	0
13.93	0
13.94	0
13.95	0
13.96	0
13.97	0
13.98	0
13.99	0
14	0
14.01	0
14.02	0
14.03	0
14.04	0
14.05	0
14.06	363.38
14.07	374.65
14.08	378.15
14.09	381.06
14.1	380.4
14.11	379.74
14.12	378.24
14.13	375.76
14.14	373.29
14.15	372.92
14.16	373.67
14.17	374.82
14.18	374.41
14.19	374.36
14.2	374.2
14.21	373.37
14.22	374.47
14.23	373.09
14.24	373.76
14.25	373.07
14.26	372.78
14.27	373.16
14.28	373.95
14.29	373.83
14.3	374.3
14.31	373.38
14.32	373.46
14.33	373.82
14.34	373.59
14.35	373.44
14.36	373.15
14.37	372.97
14.38	371.98
14.39	371.64
14.4	372.63
14.41	373.24
14.42	372.2
14.43	371.86
14.44	371.99
14.45	371.34
14.46	370.27
14.47	369.51
14.48	368.71
14.49	368.23
14.5	368.02
14.51	369.62
14.52	367.78
14.53	370.29
14.54	372.22
14.55	373.49
14.56	375.89
14.57	378.12
14.58	381.5
14.59	383.13
14.6	384.23
14.61	383.84
14.62	380.49
14.63	375.97
14.64	371.88
14.65	367.82
14.66	367.75
14.67	368.48
14.68	372.49
14.69	375.39
14.7	378.91
14.71	382.62
14.72	384.98
14.73	385.13
14.74	383.72
14.75	378.67
14.76	376.35
14.77	374.23
14.78	370.21
14.79	367.54
14.8	362.5
14.81	356.37
14.82	347.51
14.83	339.24
14.84	329.14
14.85	321.16
14.86	320.28
14.87	318.94
14.88	320.47
14.89	313.45
14.9	311.59
14.91	311.23
14.92	310.8
14.93	310.67
14.94	310.07
14.95	310.39
14.96	309.65
14.97	308.79
14.98	307.96
14.99	307.68
15	307.86
15.01	307.73
15.02	307.59
15.03	307.79
15.04	308.44
15.05	309.14
15.06	309.17
15.07	310.52
15.08	311.59
15.09	312.29
15.1	309.44
15.11	301.15
15.12	293.12
15.13	283.83
15.14	268.75
15.15	258.86
15.16	250.84
15.17	245.81
15.18	241.21
15.19	240.38
15.2	241.27
15.21	240.86
15.22	241.98
15.23	243.01
15.24	244.36
15.25	245.62
15.26	245.64
15.27	245.7
15.28	250.7
15.29	250.71
15.3	250.44
15.31	250.07
15.32	248.82
15.33	249.03
15.34	249.44
15.35	249.01
15.36	249.69
15.37	250.83
15.38	251.45
15.39	252.36
15.4	253.13
15.41	253.45
15.42	253.19
15.43	254.57
15.44	254.43
15.45	254.13
15.46	253.78
15.47	249.92
15.48	241.6
15.49	238.76
15.5	0
15.51	0
15.52	0
15.53	0
15.54	0
15.55	0
15.56	0
15.57	0
15.58	0
15.59	0
15.6	0
15.61	0
15.62	0
15.63	0
15.64	0
15.65	0
15.66	0
15.67	0
15.68	0
15.69	0
15.7	281.69
15.71	284.51
15.72	282.63
15.73	283.74
15.74	284.03
15.75	283.62
15.76	283.79
15.77	283.05
15.78	282.63
15.79	280.65
15.8	279.44
15.81	279.81
15.82	280.36
15.83	281.33
15.84	281.23
15.85	281.21
15.86	280.84
15.87	280.09
15.88	279.5
15.89	279.83
15.9	279.62
15.91	280.06
15.92	278.68
15.93	279.56
15.94	279.11
15.95	278.89
15.96	278.25
15.97	278.16
15.98	278.68
15.99	279.88
16	279.24
16.01	280.2
16.02	279.6
16.03	279.28
16.04	280.86
16.05	283.24
16.06	287.32
16.07	290.14
16.08	286.3
16.09	0
16.1	0
16.11	0
16.12	0
16.13	0
16.14	0
16.15	0
16.16	0
16.17	0
16.18	0
16.19	0
16.2	0
16.21	0
16.22	0
16.23	0
16.24	0
16.25	0
16.26	0
16.27	0
16.28	0
16.29	0
16.3	0
16.31	0
16.32	0
16.33	0
16.34	0
16.35	0
16.36	0
16.37	0
16.38	0
16.39	0
16.4	0
16.41	0
16.42	0
16.43	0
16.44	0
16.45	0
16.46	0
16.47	0
16.48	0
16.49	0
16.5	0
16.51	0
16.52	0
16.53	0
16.54	0
16.55	0
16.56	0
16.57	0
16.58	0
16.59	0
16.6	0
16.61	0
16.62	0
16.63	0
16.64	0
16.65	0
16.66	0
16.67	0
16.68	0
16.69	0
16.7	0
16.71	0
16.72	0
16.73	0
16.74	0
16.75	0
16.76	0
16.77	0
16.78	0
16.79	0
16.8	0
16.81	0
16.82	0
16.83	0
16.84	0
16.85	0
16.86	0
16.87	0
16.88	0
16.89	0
16.9	0
16.91	0
16.92	0
16.93	0
16.94	0
16.95	0
16.96	0
16.97	0
16.98	0
16.99	0
17	0
17.01	0
17.02	0
17.03	0
17.04	0
17.05	0
17.06	0
17.07	0
17.08	0
17.09	0
17.1	0
17.11	0
17.12	0
17.13	0
17.14	0
17.15	0
17.16	0
17.17	0
17.18	0
17.19	0
17.2	0
17.21	0
17.22	0
17.23	0
17.24	0
17.25	0
17.26	0
17.27	0
17.28	0
17.29	0
17.3	0
17.31	0
17.32	0
17.33	0
17.34	0
17.35	0
17.36	0
17.37	0
17.38	0
17.39	0
17.4	0
17.41	0
17.42	0
17.43	0
17.44	0
17.45	0
17.46	0
17.47	264.79
17.48	266.64
17.49	268.4
17.5	272.95
17.51	275.65
17.52	280.05
17.53	282.17
17.54	281.92
17.55	283.26
17.56	283.91
17.57	283.81
17.58	283.81
17.59	284.77
17.6	284.63
17.61	283.87
17.62	283.09
17.63	283.06
17.64	282.91
17.65	284.02
17.66	285.56
17.67	289.26
17.68	290.98
17.69	282.36
17.7	279
17.71	278.13
17.72	282.47
17.73	287.93
17.74	300.03
17.75	310.88
17.76	311.67
17.77	308.06
17.78	302.28
17.79	298.31
17.8	296.29
17.81	295.5
17.82	295.71
17.83	297.38
17.84	299.89
17.85	303.52
17.86	306.05
17.87	308.2
17.88	309.05
17.89	308.3
17.9	299.41
17.91	282.55
17.92	279.55
17.93	267.61
17.94	267.61
17.95	264.79
17.96	264.79
17.97	264.79
17.98	267.61
17.99	278.87
18	287.32
18.01	291.56
18.02	288.25
18.03	295.48
18.04	300.6
18.05	305.04
18.06	304.35
18.07	303.03
18.08	301.12
18.09	302.59
18.1	306.21
18.11	309.54
18.12	315.65
18.13	319.19
18.14	323.71
18.15	327.52
18.16	329.22
18.17	331.52
18.18	332.66
18.19	333.64
18.2	332.81
18.21	331.9
18.22	328.17
18.23	321.1
18.24	320.63
18.25	306.95
18.26	0
18.27	0
18.28	0
18.29	0
18.3	0
18.31	0
18.32	0
18.33	0
18.34	0
18.35	273.55
18.36	269.58
18.37	259.15
18.38	256.38
18.39	256.19
18.4	257.02
18.41	254.78
18.42	254.67
18.43	255.68
18.44	256.67
18.45	259.43
18.46	263.69
18.47	267.91
18.48	271.42
18.49	272.43
18.5	275.52
18.51	277.73
18.52	279.13
18.53	280.56
18.54	281.45
18.55	279.87
18.56	275.22
18.57	273.83
18.58	271.96
18.59	267.73
18.6	261.24
18.61	252.55
18.62	241.95
18.63	231.22
18.64	226.82
18.65	231.05
18.66	219.87
18.67	217.56
18.68	215.65
18.69	215.53
18.7	215.45
18.71	215.36
18.72	215.7
18.73	215.54
18.74	216.58
18.75	218.6
18.76	218.82
18.77	217.42
18.78	217.86
18.79	220.09
18.8	220.3
18.81	220.71
18.82	220.43
18.83	220.18
18.84	220.18
18.85	220.33
18.86	220.7
18.87	220.58
18.88	219.91
18.89	220.31
18.9	219.18
18.91	219.18
18.92	217.47
18.93	216.67
18.94	216.62
18.95	215.01
18.96	215.55
18.97	220.64
18.98	219.89
18.99	224.87
19	230.37
19.01	236.6
19.02	242.38
19.03	247.21
19.04	249.64
19.05	250.27
19.06	250.73
19.07	249.6
19.08	248.48
19.09	249.15
19.1	249
19.11	247.9
19.12	247.69
19.13	245.98
19.14	247.67
19.15	246.37
19.16	246.48
19.17	245.48
19.18	244.94
19.19	245.19
19.2	244.85
19.21	245.24
19.22	245.18
19.23	244.83
19.24	244.82
19.25	245.29
19.26	245.16
19.27	245.11
19.28	246.4
19.29	248.27
19.3	250.4
19.31	251.84
19.32	254.57
19.33	256.39
19.34	259.78
19.35	256.34
19.36	258.19
19.37	261.92
19.38	256.05
19.39	0
19.4	0
19.41	0
19.42	0
19.43	0
19.44	0
19.45	0
19.46	0
19.47	0
19.48	0
19.49	0
19.5	0
19.51	0
19.52	0
19.53	0
19.54	0
19.55	0
19.56	0
19.57	0
19.58	0
19.59	0
19.6	0
19.61	0
19.62	0
19.63	0
19.64	0
19.65	0
19.66	0
19.67	0
19.68	0
19.69	0
19.7	0
19.71	0
19.72	0
19.73	0
19.74	0
19.75	0
19.76	0
19.77	0
19.78	0
19.79	0
19.8	0
19.81	0
19.82	0
19.83	0
19.84	0
19.85	0
19.86	0
19.87	0
19.88	0
19.89	0
19.9	0
19.91	0
19.92	0
19.93	0
19.94	0
19.95	0
19.96	0
19.97	0
19.98	0
19.99	0
20	0
20.01	0
20.02	0
20.03	0
20.04	0
20.05	0
20.06	0
20.07	0
20.08	0
20.09	0
20.1	0
20.11	0
20.12	0
20.13	0
20.14	0
20.15	0
20.16	0
20.17	0
20.18	0
20.19	0
20.2	0
20.21	0
20.22	0
20.23	0
20.24	0
20.25	0
20.26	0
20.27	0
20.28	0
20.29	0
20.3	0
20.31	0
20.32	0
20.33	0
20.34	0
20.35	0
20.36	0
20.37	0
20.38	0
20.39	0
20.4	0
20.41	0
20.42	0
20.43	0
20.44	0
20.45	0
20.46	0
20.47	0
20.48	0
20.49	0
20.5	0
20.51	0
20.52	0
20.53	0
20.54	0
20.55	0
20.56	0
20.57	0
20.58	0
20.59	250.9
20.6	247.89
20.61	250.7
20.62	248.22
20.63	246.5
20.64	247.62
20.65	244.37
20.66	243.62
20.67	244.41
20.68	244.11
20.69	244.95
20.7	245.7
20.71	247.08
20.72	247.92
20.73	247.41
20.74	248.39
20.75	249.42
20.76	249.59
20.77	248.84
20.78	248.51
20.79	248.82
20.8	247.73
20.81	247.54
20.82	246.65
20.83	246.31
20.84	246.74
20.85	246.59
20.86	247.27
20.87	247.7
20.88	246.72
20.89	246.8
20.9	245.1
20.91	245.43
20.92	242.81
20.93	242.35
20.94	242.78
20.95	243.46
20.96	245.91
20.97	251.42
20.98	252
20.99	258.32
21	259.46
21.01	260.46
21.02	260.45
21.03	258.25
21.04	253
21.05	249.21
21.06	245.33
21.07	243.11
21.08	241.58
21.09	242.97
21.1	247.28
21.11	248.67
21.12	248.88
21.13	247.86
21.14	246.72
21.15	246.49
21.16	245.41
21.17	245.79
21.18	247.15
21.19	249.02
21.2	248.45
21.21	248.01
21.22	247.95
21.23	249.84
21.24	249.07
21.25	252.08
21.26	257.88
21.27	266.52
21.28	0
21.29	0
21.3	0
21.31	0
21.32	0
21.33	0
21.34	0
21.35	0
21.36	276.06
21.37	276.06
21.38	277.77
21.39	274.39
21.4	272.01
21.41	272.61
21.42	271.97
21.43	271.16
21.44	270.21
21.45	270.92
21.46	271.42
21.47	272.04
21.48	271.87
21.49	271.34
21.5	266.58
21.51	260.2
21.52	269.03
21.53	268.31
21.54	270.08
21.55	274.45
21.56	272.28
21.57	0
21.58	0
21.59	0
21.6	0
21.61	0
21.62	0
21.63	0
21.64	0
21.65	0
21.66	0
21.67	0
21.68	0
21.69	0
21.7	0
21.71	0
21.72	0
21.73	0
21.74	0
21.75	0
21.76	0
21.77	0
21.78	0
21.79	0
21.8	0
21.81	0
21.82	0
21.83	0
21.84	0
21.85	0
21.86	0
21.87	0
21.88	0
21.89	0
21.9	0
21.91	0
21.92	0
21.93	0
21.94	0
21.95	0
21.96	0
21.97	0
21.98	0
21.99	292.96
22	292.96
22.01	292.96
22.02	290.14
22.03	290.14
22.04	293.63
22.05	294.18
22.06	294.08
22.07	293.38
22.08	293.07
22.09	293.31
22.1	293.24
22.11	294.78
22.12	294.01
22.13	294.39
22.14	294.29
22.15	293.65
22.16	293.65
22.17	293.78
22.18	293.17
22.19	290.2
22.2	285.01
22.21	274.21
22.22	270.39
22.23	262.13
22.24	254.63
22.25	248.73
22.26	245.19
22.27	242.22
22.28	242.79
22.29	251.51
22.3	249.13
22.31	248.56
22.32	246.78
22.33	247.26
22.34	246.81
22.35	246.66
22.36	246.51
22.37	246.54
22.38	246.62
22.39	246.7
22.4	247.43
22.41	248.85
22.42	249.24
22.43	250.29
22.44	247.94
22.45	247.61
22.46	246.74
22.47	241.69
22.48	0
22.49	0
22.5	0
22.51	0
22.52	0
22.53	0
22.54	0
22.55	0
22.56	0
22.57	0
22.58	0
22.59	0
22.6	0
22.61	308.44
22.62	286.34
22.63	279.85
22.64	277.25
22.65	275.08
22.66	274.26
22.67	274.52
22.68	274.17
22.69	273.59
22.7	272.96
22.71	273.56
22.72	275.2
22.73	276.55
22.74	276.87
22.75	274.59
22.76	256.12
22.77	0
22.78	0
22.79	0
22.8	0
22.81	0
22.82	0
22.83	0
22.84	0
22.85	0
22.86	0
22.87	0
22.88	295.8
22.89	301.54
22.9	300.86
22.91	298.95
22.92	297.5
22.93	296.31
22.94	296.68
22.95	298.18
22.96	298.08
22.97	299.01
22.98	299.66
22.99	298.85
23	297.49
23.01	296.29
23.02	295.36
23.03	296.01
23.04	296.71
23.05	297.54
23.06	297.4
23.07	297.04
23.08	293.46
23.09	287.98
23.1	280.37
23.11	271.78
23.12	262.34
23.13	257.64
23.14	254.86
23.15	255.4
23.16	257.19
23.17	256.85
23.18	253.63
23.19	253.09
23.2	253.61
23.21	251.49
23.22	251.5
23.23	251.84
23.24	250.55
23.25	248.89
23.26	248.31
23.27	249.4
23.28	248.66
23.29	248.07
23.3	248.08
23.31	248.3
23.32	246.13
23.33	247.52
23.34	249.04
23.35	249.76
23.36	250.42
23.37	251.15
23.38	254.32
23.39	257.98
23.4	261.99
23.41	267.32
23.42	275.94
23.43	279.28
23.44	280.13
23.45	278.19
23.46	275.13
23.47	272.09
23.48	268.46
23.49	268.05
23.5	266.66
23.51	266.2
23.52	266.96
23.53	267.92
23.54	264.9
23.55	268.18
23.56	272.55
23.57	275.05
23.58	278.22
23.59	279.78
23.6	282.3
23.61	280.29
23.62	277.51
23.63	274.48
23.64	273.34
23.65	271.94
23.66	269.69
23.67	270.6
23.68	272.08
23.69	276.16
23.7	281.09
23.71	281.11
23.72	284.18
23.73	288.57
23.74	291.02
23.75	292.9
23.76	293.66
23.77	292.27
23.78	292.25
23.79	290.07
23.8	288.8
23.81	288.94
23.82	289.25
23.83	289.02
23.84	288.78
23.85	289.65
23.86	289.31
23.87	290.33
23.88	289.66
23.89	290.72
23.9	291.8
23.91	293.47
23.92	292.5
23.93	292.11
23.94	291.91
23.95	291.65
23.96	291.46
23.97	292.39
23.98	292.27
23.99	291.95
24	290.75
24.01	292.25
24.02	290.98
24.03	289.08
24.04	288.59
24.05	286.63
24.06	281.46
24.07	272.93
24.08	264.44
24.09	261.5
24.1	263.72
24.11	0
24.12	0
24.13	0
24.14	0
24.15	0
24.16	0
24.17	0
24.18	0
24.19	0
24.2	0
24.21	0
24.22	0
24.23	0
24.24	0
24.25	0
24.26	0
24.27	0
24.28	0
24.29	0
24.3	0
24.31	0
24.32	0
24.33	0
24.34	0
24.35	0
24.36	0
24.37	0
24.38	0
24.39	0
24.4	0
24.41	0
24.42	0
24.43	0
24.44	0
24.45	0
